253,52
253,51
253,50
253,49
253,48
253,47
253,46
253,45
253,44
253,43
253,42
253,41
253,40
253,39
253,38
253,37
253,36
253,35
0,273
0,270
3,2
3,1
3,3
10,7
10,273
10,315
10,129
10,296
10,81
10,217
10,1
10,111
10,2
10,3
11,7
11,5
11,8
11,18
11,25
11,1
11,10
11,2
11,3
9,7
9,4
9,1
9,6
9,2
9,3
8,5
8,6
8,13
8,18
8,14
8,7
8,15
8,1
8,10
8,2
8,3
12,2
12,1
12,3
20,2
20,1
20,3
19,2
19,1
19,3
251,4
251,3
251,2
251,1
251,0
249,3
18,1
249,2
18,3
249,1
249,0
248,5
248,4
14,1
248,3
14,3
248,2
13,1
248,1
13,3
248,0
247,4
247,3
247,2
247,1
247,0
246,4
246,3
246,2
246,1
246,0
245,4
245,3
245,2
245,1
245,0
244,3
2,2
2,1
244,2
244,1
2,3
